group                                       start             ses chk    q/m/k  total M   main    agt runs  mAg K peak K mTurn K /thing M res
250:diagram-research-1:split                2026-09-27T04:19    9   0    0/0/0     6.53   6.53   0.00    0      0     79      45        -   0
250:diagram-research-2:towns                2026-09-27T04:19    3   2    5/0/1     8.51   7.65   0.86   17     51    120      68     1.42   0
250:diagram-research-3:cities-river-cities  2026-09-27T04:19    4   3    4/0/4    10.72   7.97   2.75   18    153    132      56     1.34   0
267:diagram-buildings:g1                    2026-09-27T04:23    4   3   6/0/11    14.53  12.69   1.84   30     61    187      76     0.85   0
250:diagram-research-1:urban-features       2026-09-27T04:31    5   4    7/3/6    17.22  15.28   1.94   30     65    205      75     1.08   0
250:diagram-research-2:ways                 2026-09-27T04:41    2   1    1/0/2     2.90   2.46   0.44    6     74     77      45     0.97   0
250:diagram-research-3:buildings            2026-09-27T04:51    4   3    5/0/9    11.44   8.94   2.50   25    100    139      63     0.82   0
267:diagram-buildings:g1b                   2026-09-27T04:52    4   3   6/0/18    15.39  13.06   2.34   35     67    198      80     0.64   0
267:diagram-buildings:g2                    2026-09-27T05:24    5   4   8/0/20    16.44  14.15   2.29   41     56    211      77     0.59   0
250:diagram-research-3:cities-capitals      2026-09-27T05:29    5   4    8/0/9    14.36  12.21   2.16   34     63    136      64     0.84   0
269:diagram-supplemental:h1                 2026-09-27T05:56    4   3    6/0/9    17.54  15.33   2.21   25     88    266      84     1.17   0
267:diagram-buildings:g3                    2026-09-27T06:01    4   3    6/0/8    13.25  12.00   1.25   25     50    191      74     0.95   0
250:diagram-research-2:owed-archetypes      2026-09-27T07:03    3   0   0/22/0     2.32   1.85   0.47   22     21     68      34     0.11   0
250:diagram-research-3:owed-fields          2026-09-27T07:03    1   0    0/2/0     0.23   0.19   0.05    2     23     26      23     0.12   0
267:diagram-buildings:g3b                   2026-09-27T07:04    5   4   7/0/11    17.84  16.12   1.72   30     57    233      78     0.99   0
250:diagram-research-3:owed-homesteads      2026-09-27T07:04    1   0    0/1/0     0.22   0.20   0.02    1     21     25      23     0.22   0
250:diagram-research-3:owed-urban-features  2026-09-27T07:05    1   0    0/3/0     0.57   0.51   0.06    3     21     59      32     0.19   0
269:diagram-supplemental:v1                 2026-09-27T07:08    4   3   6/0/13    23.22  17.42   5.79   32    181    226      81     1.22   0
250:diagram-research-1:owed-buildings       2026-09-27T07:12    5   0   0/60/0     5.94   4.85   1.10   60     18     90      44     0.10   0
250:diagram-research-3:owed-buildings       2026-09-27T07:12    5   0   0/57/0     5.70   4.66   1.04   57     18     85      42     0.10   0
250:diagram-research-2:owed-urban-features  2026-09-27T07:12    2   0   0/18/0     1.78   1.42   0.36   18     20     72      39     0.10   0
250:diagram-research-2:owed-towns           2026-09-27T07:15    1   0    0/4/0     0.46   0.40   0.07    4     17     36      28     0.12   0
250:diagram-research-2:owed-ways            2026-09-27T07:17    1   0    0/3/0     0.30   0.24   0.05    3     17     28      24     0.10   0
267:diagram-buildings:g4                    2026-09-27T07:49    4   3   6/0/15    14.61  12.36   2.25   33     68    203      74     0.70   0
269:diagram-supplemental:h2                 2026-09-27T07:55    3   2    3/0/4     9.84   8.49   1.35   13    104    154      68     1.41   0
269:diagram-supplemental:f1                 2026-09-27T08:18    5   4   7/5/12    25.51  22.18   3.34   36     93    246      82     1.06   0
267:diagram-buildings:g5                    2026-09-27T08:30    3   2   4/0/11     8.65   7.34   1.31   22     60    132      67     0.58   0
267:diagram-buildings:g6                    2026-09-27T08:47    6   5   9/0/22    22.61  20.09   2.52   49     51    237      80     0.73   0
269:diagram-supplemental:w1                 2026-09-27T09:06    5   3   5/0/15    18.02  15.55   2.48   29     85    194      75     0.90   0
267:diagram-buildings:g7                    2026-09-27T09:29    3   2   4/0/12    14.78  13.20   1.58   23     69    243     102     0.92   0
269:diagram-supplemental:f2                 2026-09-27T09:52    4   3   5/0/10    15.85  14.15   1.70   25     68    221      78     1.06   0
267:diagram-buildings:g8                    2026-09-27T10:01    2   1    2/0/3     4.05   3.49   0.56    9     63     89      56     0.81   0
269:diagram-supplemental:v2                 2026-09-27T10:20    7   6  12/0/10    35.86  29.81   6.05   43    141    274      88     1.63   0
269:diagram-supplemental:a1                 2026-09-27T12:00    6   5    9/0/9    19.57  16.77   2.80   40     70    207      77     1.09   0
271:diagram-research-2:v3                   2026-09-27T12:03    4   3   6/5/17    25.44  22.98   2.47   39     63    260     104     0.91   0
271:diagram-research-1:v1                   2026-09-27T12:03    5   4   7/0/12    21.17  19.34   1.83   32     57    235      86     1.11   0
271:diagram-research-3:v6                   2026-09-27T12:03    4   3   5/0/16    21.05  18.94   2.12   33     64    275      98     1.00   0
271:diagram-research-5:t3                   2026-09-27T12:05    5   4   8/1/16    26.62  24.57   2.05   39     53    270     103     1.06   0
271:diagram-research-4:t1                   2026-09-27T12:05    5   4   8/1/15    22.61  20.54   2.07   38     54    260      85     0.94   0
271:diagram-research-2:v4                   2026-09-27T13:03    5   4   7/3/26    36.82  32.64   4.18   49     85    357     117     1.02   1
271:diagram-research-1:v2                   2026-09-27T13:04    4   3   6/0/12    22.39  19.61   2.77   31     89    213      88     1.24   1
272:diagram-shrines-1:s                     2026-09-27T13:05    8   7  14/7/16    46.45  42.23   4.22   65     65    369     100     1.26   1
272:diagram-shrines-2:r2                    2026-09-27T13:05    4   3   5/0/17    24.03  21.02   3.00   35     86    304     112     1.09   1
272:diagram-shrines-3:r4                    2026-09-27T13:05    4   3   5/0/29    28.09  24.82   3.27   44     74    284     111     0.83   1
271:diagram-research-5:t4                   2026-09-27T13:06    6   5   9/0/12    24.55  21.47   3.08   40     77    257      79     1.17   1
269:diagram-supplemental:r1                 2026-09-27T13:06    4   3    6/0/7    18.36  15.70   2.66   24    111    210      91     1.41   1
271:diagram-research-3:w1                   2026-09-27T13:09    4   3   5/0/22    24.28  21.93   2.34   38     62    315     114     0.90   1
271:diagram-research-4:t2                   2026-09-27T13:15    6   5  10/0/11    24.23  21.35   2.88   41     70    263      84     1.15   1
271:diagram-research-1:v7                   2026-09-27T16:44    5   4   7/0/18    29.99  27.17   2.82   43     65    274     107     1.20   0
271:diagram-research-3:u1                   2026-09-27T16:47    6   5   9/3/20    24.48  21.11   3.37   50     67    246      81     0.76   0
272:diagram-shrines-2:r3                    2026-09-27T16:47    4   3   6/0/14    35.43  31.77   3.66   33    111    385     135     1.77   0
269:diagram-supplemental:h3                 2026-09-27T16:48    4   3   6/0/10    19.17  17.27   1.90   28     68    224      85     1.20   0
271:diagram-research-5:r1                   2026-09-27T16:57    4   3   5/1/11    19.54  17.64   1.90   27     71    249     103     1.15   0
271:diagram-research-4:g1                   2026-09-27T17:03    6   5  10/18/7    28.43  25.91   2.52   56     45    230      90     0.81   0
272:diagram-shrines-3:t                     2026-09-27T17:07    4   3   5/0/20    21.62  18.00   3.62   36    101    242      87     0.86   0
271:diagram-research-2:v5                   2026-09-27T17:11    6   5   9/5/15    27.74  25.14   2.60   46     57    302      89     0.96   1
271:diagram-research-6:k2                   2026-09-27T17:23    6   5  10/1/17    31.51  28.63   2.88   50     58    295      94     1.13   1
272:diagram-shrines-1:b37                   2026-09-27T17:23    4   3   5/0/12    17.25  14.70   2.55   29     88    221      83     1.01   1
271:diagram-research-5:w2                   2026-09-27T17:36    5   4   7/0/13    30.20  27.96   2.25   36     62    329     109     1.51   1
269:diagram-supplemental:f3                 2026-09-27T17:37    3   2   4/0/10     8.10   6.69   1.40   21     67    143      69     0.58   1
271:diagram-research-4:g2                   2026-09-27T17:49    6   5   9/7/13    25.65  22.98   2.67   49     55    264      82     0.88   1
271:diagram-research-1:u2                   2026-09-27T21:39    5   4   7/0/10    23.08  21.16   1.91   30     64    266      94     1.36   0
271:diagram-research-3:k1                   2026-09-27T21:39    6   5  10/0/17    20.81  18.56   2.25   47     48    246      78     0.77   0
269:diagram-supplemental:w2                 2026-09-27T21:45    4   3    6/0/4    16.29  13.89   2.40   21    114    187      78     1.63   0
271:diagram-research-6:k4                   2026-09-27T21:58    6   5   9/0/15    28.94  26.19   2.75   44     63    292      93     1.21   0
271:diagram-research-2:k5                   2026-09-27T22:21    2   1    2/0/0    13.60  13.07   0.53    7     76    277     131     6.80   0
271:diagram-research-5:t5                   2026-09-27T22:21    3   2    4/0/0    20.78  19.71   1.07   10    107    313     139     5.20   0
271:diagram-research-4:k7                   2026-09-27T22:21    2   1    2/0/0    12.90  12.25   0.65    7     93    258     117     6.45   0
271:diagram-research-1:u3                   2026-09-27T22:22    1   0    0/0/0    14.09  13.62   0.46    1    464    341     203        -   0
271:diagram-research-3:k3                   2026-09-27T22:25    1   0    0/0/0    11.82  10.57   1.25    1   1250    285     168        -   0
269:diagram-supplemental:a2                 2026-09-27T22:26    1   0    0/0/0     5.99   5.55   0.44    1    437    200     113        -   0
